5.670000000000000000e+03 0.000000000000000000e+00
5.680000000000000000e+03 1.037600013660266995e-04
5.690000000000000000e+03 1.363199990009889007e-04
5.700000000000000000e+03 1.816599979065358639e-04
5.710000000000000000e+03 2.454599889460951090e-04
5.720000000000000000e+03 3.367399913258850574e-04
5.730000000000000000e+03 4.695800016634166241e-04
5.740000000000000000e+03 6.661500083282589912e-04
5.750000000000000000e+03 9.628100087866187096e-04
5.760000000000000000e+03 1.419699983671307564e-03
5.770000000000000000e+03 2.139399992302060127e-03
5.780000000000000000e+03 3.301599994301795959e-03
5.790000000000000000e+03 5.229000002145767212e-03
5.800000000000000000e+03 8.517500013113021851e-03
5.810000000000000000e+03 1.429400034248828888e-02
5.820000000000000000e+03 2.471599914133548737e-02
5.830000000000000000e+03 4.384500160813331604e-02
5.840000000000000000e+03 7.866899669170379639e-02
5.850000000000000000e+03 1.380800008773803711e-01
5.860000000000000000e+03 2.238900065422058105e-01
5.870000000000000000e+03 3.164699971675872803e-01
5.880000000000000000e+03 3.868100047111511230e-01
5.890000000000000000e+03 4.295899868011474609e-01
5.900000000000000000e+03 4.595699906349182129e-01
5.910000000000000000e+03 4.907000064849853516e-01
5.920000000000000000e+03 5.299199819564819336e-01
5.930000000000000000e+03 5.790899991989135742e-01
5.940000000000000000e+03 6.366400122642517090e-01
5.950000000000000000e+03 6.984199881553649902e-01
5.960000000000000000e+03 7.585499882698059082e-01
5.970000000000000000e+03 8.110200166702270508e-01
5.980000000000000000e+03 8.515700101852416992e-01
5.990000000000000000e+03 8.789899945259094238e-01
6.000000000000000000e+03 8.948600292205810547e-01
6.010000000000000000e+03 9.024599790573120117e-01
6.020000000000000000e+03 9.050999879837036133e-01
6.030000000000000000e+03 9.055100083351135254e-01
6.040000000000000000e+03 9.054700136184692383e-01
6.050000000000000000e+03 9.058799743652343750e-01
6.060000000000000000e+03 9.069799780845642090e-01
6.070000000000000000e+03 9.086300134658813477e-01
6.080000000000000000e+03 9.105100035667419434e-01
6.090000000000000000e+03 9.122800230979919434e-01
6.100000000000000000e+03 9.136999845504760742e-01
6.110000000000000000e+03 9.146500229835510254e-01
6.120000000000000000e+03 9.151800274848937988e-01
6.130000000000000000e+03 9.154099822044372559e-01
6.140000000000000000e+03 9.154599905014038086e-01
6.150000000000000000e+03 9.155099987983703613e-01
6.160000000000000000e+03 9.156900048255920410e-01
6.170000000000000000e+03 9.160799980163574219e-01
6.180000000000000000e+03 9.167299866676330566e-01
6.190000000000000000e+03 9.176099896430969238e-01
6.200000000000000000e+03 9.186699986457824707e-01
6.210000000000000000e+03 9.198399782180786133e-01
6.220000000000000000e+03 9.210000038146972656e-01
6.230000000000000000e+03 9.220799803733825684e-01
6.240000000000000000e+03 9.229999780654907227e-01
6.250000000000000000e+03 9.237200021743774414e-01
6.260000000000000000e+03 9.242299795150756836e-01
6.270000000000000000e+03 9.245499968528747559e-01
6.280000000000000000e+03 9.247300028800964355e-01
6.290000000000000000e+03 9.248200058937072754e-01
6.300000000000000000e+03 9.248899817466735840e-01
6.310000000000000000e+03 9.250100255012512207e-01
6.320000000000000000e+03 9.252200126647949219e-01
6.330000000000000000e+03 9.255700111389160156e-01
6.340000000000000000e+03 9.260799884796142578e-01
6.350000000000000000e+03 9.267299771308898926e-01
6.360000000000000000e+03 9.275199770927429199e-01
6.370000000000000000e+03 9.284099936485290527e-01
6.380000000000000000e+03 9.293599724769592285e-01
6.390000000000000000e+03 9.303100109100341797e-01
6.400000000000000000e+03 9.312300086021423340e-01
6.410000000000000000e+03 9.320700168609619141e-01
6.420000000000000000e+03 9.328100085258483887e-01
6.430000000000000000e+03 9.334400296211242676e-01
6.440000000000000000e+03 9.339500069618225098e-01
6.450000000000000000e+03 9.343500137329101562e-01
6.460000000000000000e+03 9.346699714660644531e-01
6.470000000000000000e+03 9.349399805068969727e-01
6.480000000000000000e+03 9.351900219917297363e-01
6.490000000000000000e+03 9.354599714279174805e-01
6.500000000000000000e+03 9.357799887657165527e-01
6.510000000000000000e+03 9.360100030899047852e-01
6.520000000000000000e+03 9.363300204277038574e-01
6.530000000000000000e+03 9.367399811744689941e-01
6.540000000000000000e+03 9.372500181198120117e-01
6.550000000000000000e+03 9.378499984741210938e-01
6.560000000000000000e+03 9.384999871253967285e-01
6.570000000000000000e+03 9.391999840736389160e-01
6.580000000000000000e+03 9.399099946022033691e-01
6.590000000000000000e+03 9.405999779701232910e-01
6.600000000000000000e+03 9.412500262260437012e-01
6.610000000000000000e+03 9.418399930000305176e-01
6.620000000000000000e+03 9.423499703407287598e-01
6.630000000000000000e+03 9.427700042724609375e-01
6.640000000000000000e+03 9.431099891662597656e-01
6.650000000000000000e+03 9.433799982070922852e-01
6.660000000000000000e+03 9.435799717903137207e-01
6.670000000000000000e+03 9.437500238418579102e-01
6.680000000000000000e+03 9.438899755477905273e-01
6.690000000000000000e+03 9.440400004386901855e-01
6.700000000000000000e+03 9.442099928855895996e-01
6.710000000000000000e+03 9.444299936294555664e-01
6.720000000000000000e+03 9.447100162506103516e-01
6.730000000000000000e+03 9.450700283050537109e-01
6.740000000000000000e+03 9.455100297927856445e-01
6.750000000000000000e+03 9.460300207138061523e-01
6.760000000000000000e+03 9.466199874877929688e-01
6.770000000000000000e+03 9.472600221633911133e-01
6.780000000000000000e+03 9.479500055313110352e-01
6.790000000000000000e+03 9.486500024795532227e-01
6.800000000000000000e+03 9.493499994277954102e-01
6.810000000000000000e+03 9.500200152397155762e-01
6.820000000000000000e+03 9.506400227546691895e-01
6.830000000000000000e+03 9.512000083923339844e-01
6.840000000000000000e+03 9.516800045967102051e-01
6.850000000000000000e+03 9.520699977874755859e-01
6.860000000000000000e+03 9.523800015449523926e-01
6.870000000000000000e+03 9.525899887084960938e-01
6.880000000000000000e+03 9.527300000190734863e-01
6.890000000000000000e+03 9.527999758720397949e-01
6.900000000000000000e+03 9.528200030326843262e-01
6.910000000000000000e+03 9.528099894523620605e-01
6.920000000000000000e+03 9.527900218963623047e-01
6.930000000000000000e+03 9.527900218963623047e-01
6.940000000000000000e+03 9.528200030326843262e-01
6.950000000000000000e+03 9.529100060462951660e-01
6.960000000000000000e+03 9.530599713325500488e-01
6.970000000000000000e+03 9.532899856567382812e-01
6.980000000000000000e+03 9.536100029945373535e-01
6.990000000000000000e+03 9.540200233459472656e-01
7.000000000000000000e+03 9.545000195503234863e-01
7.010000000000000000e+03 9.547299742698669434e-01
7.020000000000000000e+03 9.550200104713439941e-01
7.030000000000000000e+03 9.553499817848205566e-01
7.040000000000000000e+03 9.557099938392639160e-01
7.050000000000000000e+03 9.560800194740295410e-01
7.060000000000000000e+03 9.564399719238281250e-01
7.070000000000000000e+03 9.567800164222717285e-01
7.080000000000000000e+03 9.570699930191040039e-01
7.090000000000000000e+03 9.573199748992919922e-01
7.100000000000000000e+03 9.574900269508361816e-01
7.110000000000000000e+03 9.575999975204467773e-01
7.120000000000000000e+03 9.576299786567687988e-01
7.130000000000000000e+03 9.575799703598022461e-01
7.140000000000000000e+03 9.574499726295471191e-01
7.150000000000000000e+03 9.572600126266479492e-01
7.160000000000000000e+03 9.570099711418151855e-01
7.170000000000000000e+03 9.567199945449829102e-01
7.180000000000000000e+03 9.563999772071838379e-01
7.190000000000000000e+03 9.560599923133850098e-01
7.200000000000000000e+03 9.557200074195861816e-01
7.210000000000000000e+03 9.560999870300292969e-01
7.220000000000000000e+03 9.565100073814392090e-01
7.230000000000000000e+03 9.569600224494934082e-01
7.240000000000000000e+03 9.574599862098693848e-01
7.250000000000000000e+03 9.580199718475341797e-01
7.260000000000000000e+03 9.586499929428100586e-01
7.270000000000000000e+03 9.593499898910522461e-01
7.280000000000000000e+03 9.601200222969055176e-01
7.290000000000000000e+03 9.609500169754028320e-01
7.300000000000000000e+03 9.618499875068664551e-01
7.310000000000000000e+03 9.628000259399414062e-01
7.320000000000000000e+03 9.637899994850158691e-01
7.330000000000000000e+03 9.648100137710571289e-01
7.340000000000000000e+03 9.658499956130981445e-01
7.350000000000000000e+03 9.668899774551391602e-01
7.360000000000000000e+03 9.679300189018249512e-01
7.370000000000000000e+03 9.689499735832214355e-01
7.380000000000000000e+03 9.699400067329406738e-01
7.390000000000000000e+03 9.708999991416931152e-01
7.400000000000000000e+03 9.718000292778015137e-01
7.410000000000000000e+03 9.724100232124328613e-01
7.420000000000000000e+03 9.729700088500976562e-01
7.430000000000000000e+03 9.734699726104736328e-01
7.440000000000000000e+03 9.739099740982055664e-01
7.450000000000000000e+03 9.743099808692932129e-01
7.460000000000000000e+03 9.746699929237365723e-01
7.470000000000000000e+03 9.750000238418579102e-01
7.480000000000000000e+03 9.753000140190124512e-01
7.490000000000000000e+03 9.755799770355224609e-01
7.500000000000000000e+03 9.758499860763549805e-01
7.510000000000000000e+03 9.761300086975097656e-01
7.520000000000000000e+03 9.764299988746643066e-01
7.530000000000000000e+03 9.767400026321411133e-01
7.540000000000000000e+03 9.770900011062622070e-01
7.550000000000000000e+03 9.774699807167053223e-01
7.560000000000000000e+03 9.779000282287597656e-01
7.570000000000000000e+03 9.783700108528137207e-01
7.580000000000000000e+03 9.788799881935119629e-01
7.590000000000000000e+03 9.794399738311767578e-01
7.600000000000000000e+03 9.800400137901306152e-01
7.610000000000000000e+03 9.807400107383728027e-01
7.620000000000000000e+03 9.814599752426147461e-01
7.630000000000000000e+03 9.822099804878234863e-01
7.640000000000000000e+03 9.829900264739990234e-01
7.650000000000000000e+03 9.837700128555297852e-01
7.660000000000000000e+03 9.845499992370605469e-01
7.670000000000000000e+03 9.853299856185913086e-01
7.680000000000000000e+03 9.860900044441223145e-01
7.690000000000000000e+03 9.868299961090087891e-01
7.700000000000000000e+03 9.875400066375732422e-01
7.710000000000000000e+03 9.882100224494934082e-01
7.720000000000000000e+03 9.888399839401245117e-01
7.730000000000000000e+03 9.894199967384338379e-01
7.740000000000000000e+03 9.899500012397766113e-01
7.750000000000000000e+03 9.904400110244750977e-01
7.760000000000000000e+03 9.908800125122070312e-01
7.770000000000000000e+03 9.912800192832946777e-01
7.780000000000000000e+03 9.916399717330932617e-01
7.790000000000000000e+03 9.919599890708923340e-01
7.800000000000000000e+03 9.922599792480468750e-01
7.810000000000000000e+03 9.918799996376037598e-01
7.820000000000000000e+03 9.914900064468383789e-01
7.830000000000000000e+03 9.910899996757507324e-01
7.840000000000000000e+03 9.907000064849853516e-01
7.850000000000000000e+03 9.903200268745422363e-01
7.860000000000000000e+03 9.899500012397766113e-01
7.870000000000000000e+03 9.896100163459777832e-01
7.880000000000000000e+03 9.893000125885009766e-01
7.890000000000000000e+03 9.890300035476684570e-01
7.900000000000000000e+03 9.887999892234802246e-01
7.910000000000000000e+03 9.886000156402587891e-01
7.920000000000000000e+03 9.884499907493591309e-01
7.930000000000000000e+03 9.883400201797485352e-01
7.940000000000000000e+03 9.882799983024597168e-01
7.950000000000000000e+03 9.882500171661376953e-01
7.960000000000000000e+03 9.882500171661376953e-01
7.970000000000000000e+03 9.882900118827819824e-01
7.980000000000000000e+03 9.883400201797485352e-01
7.990000000000000000e+03 9.884200096130371094e-01
8.000000000000000000e+03 9.885100126266479492e-01
8.010000000000000000e+03 9.890000224113464355e-01
8.020000000000000000e+03 9.894899725914001465e-01
8.030000000000000000e+03 9.899700284004211426e-01
8.040000000000000000e+03 9.904299974441528320e-01
8.050000000000000000e+03 9.908800125122070312e-01
8.060000000000000000e+03 9.912899732589721680e-01
8.070000000000000000e+03 9.916800260543823242e-01
8.080000000000000000e+03 9.920300245285034180e-01
8.090000000000000000e+03 9.923400282859802246e-01
8.100000000000000000e+03 9.926199913024902344e-01
8.110000000000000000e+03 9.928500056266784668e-01
8.120000000000000000e+03 9.930400252342224121e-01
8.130000000000000000e+03 9.932000041007995605e-01
8.140000000000000000e+03 9.933300018310546875e-01
8.150000000000000000e+03 9.934200048446655273e-01
8.160000000000000000e+03 9.934899806976318359e-01
8.170000000000000000e+03 9.935399889945983887e-01
8.180000000000000000e+03 9.935700297355651855e-01
8.190000000000000000e+03 9.936000108718872070e-01
8.200000000000000000e+03 9.936199784278869629e-01
8.210000000000000000e+03 9.934499859809875488e-01
8.220000000000000000e+03 9.932799935340881348e-01
8.230000000000000000e+03 9.931399822235107422e-01
8.240000000000000000e+03 9.930099844932556152e-01
8.250000000000000000e+03 9.929100275039672852e-01
8.260000000000000000e+03 9.928399920463562012e-01
8.270000000000000000e+03 9.928100109100341797e-01
8.280000000000000000e+03 9.928100109100341797e-01
8.290000000000000000e+03 9.928500056266784668e-01
8.300000000000000000e+03 9.929299950599670410e-01
8.310000000000000000e+03 9.930499792098999023e-01
8.320000000000000000e+03 9.932000041007995605e-01
8.330000000000000000e+03 9.933900237083435059e-01
8.340000000000000000e+03 9.936199784278869629e-01
8.350000000000000000e+03 9.938700199127197266e-01
8.360000000000000000e+03 9.941599965095520020e-01
8.370000000000000000e+03 9.944599866867065430e-01
8.380000000000000000e+03 9.947900176048278809e-01
8.390000000000000000e+03 9.951300024986267090e-01
8.400000000000000000e+03 9.954699873924255371e-01
8.410000000000000000e+03 9.959200024604797363e-01
8.420000000000000000e+03 9.963700175285339355e-01
8.430000000000000000e+03 9.968000054359436035e-01
8.440000000000000000e+03 9.972199797630310059e-01
8.450000000000000000e+03 9.976199865341186523e-01
8.460000000000000000e+03 9.980000257492065430e-01
8.470000000000000000e+03 9.983599781990051270e-01
8.480000000000000000e+03 9.986799955368041992e-01
8.490000000000000000e+03 9.989699721336364746e-01
8.500000000000000000e+03 9.992200136184692383e-01
8.510000000000000000e+03 9.994400143623352051e-01
8.520000000000000000e+03 9.996100068092346191e-01
8.530000000000000000e+03 9.997500181198120117e-01
8.540000000000000000e+03 9.998599886894226074e-01
8.550000000000000000e+03 9.999300241470336914e-01
8.560000000000000000e+03 9.999799728393554688e-01
8.570000000000000000e+03 1.000000000000000000e+00
8.580000000000000000e+03 1.000000000000000000e+00
8.590000000000000000e+03 9.999700188636779785e-01
8.600000000000000000e+03 9.999399781227111816e-01
8.610000000000000000e+03 9.992399811744689941e-01
8.620000000000000000e+03 9.985299706459045410e-01
8.630000000000000000e+03 9.978299736976623535e-01
8.640000000000000000e+03 9.971200227737426758e-01
8.650000000000000000e+03 9.964299798011779785e-01
8.660000000000000000e+03 9.957399964332580566e-01
8.670000000000000000e+03 9.950699806213378906e-01
8.680000000000000000e+03 9.944199919700622559e-01
8.690000000000000000e+03 9.937899708747863770e-01
8.700000000000000000e+03 9.931899905204772949e-01
8.710000000000000000e+03 9.926099777221679688e-01
8.720000000000000000e+03 9.920499920845031738e-01
8.730000000000000000e+03 9.915300011634826660e-01
8.740000000000000000e+03 9.910299777984619141e-01
8.750000000000000000e+03 9.905599951744079590e-01
8.760000000000000000e+03 9.901199936866760254e-01
8.770000000000000000e+03 9.897000193595886230e-01
8.780000000000000000e+03 9.893100261688232422e-01
8.790000000000000000e+03 9.889400005340576172e-01
8.800000000000000000e+03 9.885799884796142578e-01
8.810000000000000000e+03 9.869899749755859375e-01
8.820000000000000000e+03 9.854199886322021484e-01
8.830000000000000000e+03 9.838500022888183594e-01
8.840000000000000000e+03 9.822900295257568359e-01
8.850000000000000000e+03 9.807299971580505371e-01
8.860000000000000000e+03 9.791700243949890137e-01
8.870000000000000000e+03 9.775999784469604492e-01
8.880000000000000000e+03 9.760299921035766602e-01
8.890000000000000000e+03 9.744499921798706055e-01
8.900000000000000000e+03 9.728500247001647949e-01
8.910000000000000000e+03 9.712399840354919434e-01
8.920000000000000000e+03 9.696199893951416016e-01
8.930000000000000000e+03 9.679700136184692383e-01
8.940000000000000000e+03 9.663000106811523438e-01
8.950000000000000000e+03 9.646099805831909180e-01
8.960000000000000000e+03 9.628999829292297363e-01
8.970000000000000000e+03 9.611700177192687988e-01
8.980000000000000000e+03 9.594100117683410645e-01
8.990000000000000000e+03 9.576399922370910645e-01
9.000000000000000000e+03 9.558399915695190430e-01
9.010000000000000000e+03 9.531199932098388672e-01
9.020000000000000000e+03 9.503800272941589355e-01
9.030000000000000000e+03 9.476299881935119629e-01
9.040000000000000000e+03 9.448599815368652344e-01
9.050000000000000000e+03 9.420899748802185059e-01
9.060000000000000000e+03 9.393000006675720215e-01
9.070000000000000000e+03 9.365100264549255371e-01
9.080000000000000000e+03 9.337099790573120117e-01
9.090000000000000000e+03 9.309099912643432617e-01
9.100000000000000000e+03 9.281100034713745117e-01
9.110000000000000000e+03 9.253200292587280273e-01
9.120000000000000000e+03 9.225299954414367676e-01
9.130000000000000000e+03 9.197400212287902832e-01
9.140000000000000000e+03 9.169700145721435547e-01
9.150000000000000000e+03 9.142100214958190918e-01
9.160000000000000000e+03 9.114599823951721191e-01
9.170000000000000000e+03 9.087200164794921875e-01
9.180000000000000000e+03 9.059900045394897461e-01
9.190000000000000000e+03 9.032800197601318359e-01
9.200000000000000000e+03 9.005900025367736816e-01
9.210000000000000000e+03 8.963999748229980469e-01
9.220000000000000000e+03 8.922299742698669434e-01
9.230000000000000000e+03 8.880699872970581055e-01
9.240000000000000000e+03 8.839300274848937988e-01
9.250000000000000000e+03 8.798000216484069824e-01
9.260000000000000000e+03 8.756800293922424316e-01
9.270000000000000000e+03 8.715699911117553711e-01
9.280000000000000000e+03 8.674700260162353516e-01
9.290000000000000000e+03 8.633800148963928223e-01
9.300000000000000000e+03 8.593000173568725586e-01
9.310000000000000000e+03 8.552200198173522949e-01
9.320000000000000000e+03 8.511400222778320312e-01
9.330000000000000000e+03 8.470600247383117676e-01
9.340000000000000000e+03 8.429899811744689941e-01
9.350000000000000000e+03 8.389099836349487305e-01
9.360000000000000000e+03 8.348299860954284668e-01
9.370000000000000000e+03 8.307499885559082031e-01
9.380000000000000000e+03 8.266599774360656738e-01
9.390000000000000000e+03 8.225700259208679199e-01
9.400000000000000000e+03 8.184700012207031250e-01
9.410000000000000000e+03 8.135100007057189941e-01
9.420000000000000000e+03 8.085399866104125977e-01
9.430000000000000000e+03 8.035600185394287109e-01
9.440000000000000000e+03 7.985699772834777832e-01
9.450000000000000000e+03 7.935799956321716309e-01
9.460000000000000000e+03 7.885800004005432129e-01
9.470000000000000000e+03 7.835699915885925293e-01
9.480000000000000000e+03 7.785500288009643555e-01
9.490000000000000000e+03 7.735300064086914062e-01
9.500000000000000000e+03 7.684999704360961914e-01
9.510000000000000000e+03 7.634599804878234863e-01
9.520000000000000000e+03 7.584199905395507812e-01
9.530000000000000000e+03 7.533800005912780762e-01
9.540000000000000000e+03 7.483299970626831055e-01
9.550000000000000000e+03 7.432799935340881348e-01
9.560000000000000000e+03 7.382299900054931641e-01
9.570000000000000000e+03 7.331799864768981934e-01
9.580000000000000000e+03 7.281299829483032227e-01
9.590000000000000000e+03 7.230899930000305176e-01
9.600000000000000000e+03 7.180399894714355469e-01
9.610000000000000000e+03 7.118899822235107422e-01
9.620000000000000000e+03 7.057499885559082031e-01
9.630000000000000000e+03 6.996099948883056641e-01
9.640000000000000000e+03 6.934700012207031250e-01
9.650000000000000000e+03 6.873400211334228516e-01
9.660000000000000000e+03 6.812099814414978027e-01
9.670000000000000000e+03 6.750900149345397949e-01
9.680000000000000000e+03 6.689800024032592773e-01
9.690000000000000000e+03 6.628599762916564941e-01
9.700000000000000000e+03 6.567599773406982422e-01
9.710000000000000000e+03 6.506500244140625000e-01
9.720000000000000000e+03 6.445500254631042480e-01
9.730000000000000000e+03 6.384599804878234863e-01
9.740000000000000000e+03 6.323699951171875000e-01
9.750000000000000000e+03 6.262699961662292480e-01
9.760000000000000000e+03 6.201800107955932617e-01
9.770000000000000000e+03 6.140999794006347656e-01
9.780000000000000000e+03 6.080099940299987793e-01
9.790000000000000000e+03 6.019200086593627930e-01
9.800000000000000000e+03 5.958300232887268066e-01
9.810000000000000000e+03 5.880799889564514160e-01
9.820000000000000000e+03 5.803300142288208008e-01
9.830000000000000000e+03 5.725700259208679199e-01
9.840000000000000000e+03 5.648199915885925293e-01
9.850000000000000000e+03 5.570499897003173828e-01
9.860000000000000000e+03 5.492900013923645020e-01
9.870000000000000000e+03 5.415099859237670898e-01
9.880000000000000000e+03 5.337399840354919434e-01
9.890000000000000000e+03 5.259600281715393066e-01
9.900000000000000000e+03 5.181699991226196289e-01
9.910000000000000000e+03 5.103800296783447266e-01
9.920000000000000000e+03 5.025799870491027832e-01
9.930000000000000000e+03 4.947800040245056152e-01
9.940000000000000000e+03 4.869799911975860596e-01
9.950000000000000000e+03 4.791699945926666260e-01
9.960000000000000000e+03 4.713500142097473145e-01
9.970000000000000000e+03 4.635399878025054932e-01
9.980000000000000000e+03 4.557200074195861816e-01
9.990000000000000000e+03 4.478999972343444824e-01
1.000000000000000000e+04 4.400700032711029053e-01
1.001000000000000000e+04 4.317899942398071289e-01
1.002000000000000000e+04 4.235099852085113525e-01
1.003000000000000000e+04 4.152399897575378418e-01
1.004000000000000000e+04 4.069600105285644531e-01
1.005000000000000000e+04 3.986800014972686768e-01
1.006000000000000000e+04 3.905999958515167236e-01
1.007000000000000000e+04 3.825300037860870361e-01
1.008000000000000000e+04 3.744600117206573486e-01
1.009000000000000000e+04 3.663899898529052734e-01
1.010000000000000000e+04 3.583300113677978516e-01
1.011000000000000000e+04 3.506700098514556885e-01
1.012000000000000000e+04 3.430100083351135254e-01
1.013000000000000000e+04 3.353599905967712402e-01
1.014000000000000000e+04 3.277100026607513428e-01
1.015000000000000000e+04 3.200600147247314453e-01
1.016000000000000000e+04 3.124200105667114258e-01
1.017000000000000000e+04 3.047800064086914062e-01
1.018000000000000000e+04 2.971499860286712646e-01
1.019000000000000000e+04 2.895199954509735107e-01
1.020000000000000000e+04 2.818900048732757568e-01
1.021000000000000000e+04 2.758699953556060791e-01
1.022000000000000000e+04 2.698499858379364014e-01
1.023000000000000000e+04 2.638399899005889893e-01
1.024000000000000000e+04 2.578299939632415771e-01
1.025000000000000000e+04 2.518199980258941650e-01
1.026000000000000000e+04 2.446099966764450073e-01
1.027000000000000000e+04 2.373999953269958496e-01
1.028000000000000000e+04 2.301999926567077637e-01
1.029000000000000000e+04 2.229900062084197998e-01
1.030000000000000000e+04 2.157800048589706421e-01
1.031000000000000000e+04 2.099799960851669312e-01
1.032000000000000000e+04 2.041800022125244141e-01
1.033000000000000000e+04 1.983699947595596313e-01
1.034000000000000000e+04 1.925700008869171143e-01
1.035000000000000000e+04 1.867599934339523315e-01
1.036000000000000000e+04 1.811600029468536377e-01
1.037000000000000000e+04 1.755499988794326782e-01
1.038000000000000000e+04 1.699399948120117188e-01
1.039000000000000000e+04 1.643400043249130249e-01
1.040000000000000000e+04 1.587200015783309937e-01
1.041000000000000000e+04 1.555200070142745972e-01
1.042000000000000000e+04 1.523199975490570068e-01
1.043000000000000000e+04 1.491200029850006104e-01
1.044000000000000000e+04 1.459099948406219482e-01
1.045000000000000000e+04 1.427100002765655518e-01
1.046000000000000000e+04 1.388999968767166138e-01
1.047000000000000000e+04 1.350899934768676758e-01
1.048000000000000000e+04 1.312700062990188599e-01
1.049000000000000000e+04 1.274600028991699219e-01
1.050000000000000000e+04 1.236400008201599121e-01
1.051000000000000000e+04 1.200300008058547974e-01
1.052000000000000000e+04 1.164100021123886108e-01
1.053000000000000000e+04 1.127900034189224243e-01
1.054000000000000000e+04 1.091699972748756409e-01
1.055000000000000000e+04 1.055599972605705261e-01
1.056000000000000000e+04 1.022199988365173340e-01
1.057000000000000000e+04 9.888000041246414185e-02
1.058000000000000000e+04 9.554199874401092529e-02
1.059000000000000000e+04 9.220299869775772095e-02
1.060000000000000000e+04 8.886499702930450439e-02
1.061000000000000000e+04 8.681300282478332520e-02
1.062000000000000000e+04 8.476100116968154907e-02
1.063000000000000000e+04 8.270999789237976074e-02
1.064000000000000000e+04 8.065800368785858154e-02
1.065000000000000000e+04 7.860600203275680542e-02
1.066000000000000000e+04 7.627400010824203491e-02
1.067000000000000000e+04 7.394099980592727661e-02
1.068000000000000000e+04 7.160899788141250610e-02
1.069000000000000000e+04 6.927700340747833252e-02
1.070000000000000000e+04 6.694500148296356201e-02
1.071000000000000000e+04 6.529700011014938354e-02
1.072000000000000000e+04 6.364800035953521729e-02
1.073000000000000000e+04 6.199999898672103882e-02
1.074000000000000000e+04 6.035200133919715881e-02
1.075000000000000000e+04 5.870399996638298035e-02
1.076000000000000000e+04 5.693399906158447266e-02
1.077000000000000000e+04 5.516500025987625122e-02
1.078000000000000000e+04 5.339499935507774353e-02
1.079000000000000000e+04 5.162499845027923584e-02
1.080000000000000000e+04 4.985399916768074036e-02
1.081000000000000000e+04 4.910799860954284668e-02
1.082000000000000000e+04 4.836099967360496521e-02
1.083000000000000000e+04 4.761400073766708374e-02
1.084000000000000000e+04 4.686500132083892822e-02
1.085000000000000000e+04 4.611499980092048645e-02
1.086000000000000000e+04 4.498200118541717529e-02
1.087000000000000000e+04 4.384800046682357788e-02
1.088000000000000000e+04 4.271199926733970642e-02
1.089000000000000000e+04 4.157600179314613342e-02
1.090000000000000000e+04 4.043700173497200012e-02
1.091000000000000000e+04 3.931799903512001038e-02
1.092000000000000000e+04 3.819699957966804504e-02
1.093000000000000000e+04 3.707399964332580566e-02
1.094000000000000000e+04 3.595000132918357849e-02
1.095000000000000000e+04 3.482500091195106506e-02
1.096000000000000000e+04 3.369800001382827759e-02
1.097000000000000000e+04 3.257099911570549011e-02
1.098000000000000000e+04 3.144200146198272705e-02
1.099000000000000000e+04 3.031199984252452850e-02
1.100000000000000000e+04 2.918200008571147919e-02
1.101000000000000000e+04 2.805100008845329285e-02
1.102000000000000000e+04 2.692000009119510651e-02
1.103000000000000000e+04 2.578900009393692017e-02
1.104000000000000000e+04 2.465800009667873383e-02
1.105000000000000000e+04 2.352800033986568451e-02
1.106000000000000000e+04 2.239900082349777222e-02
1.107000000000000000e+04 2.127099968492984772e-02
1.108000000000000000e+04 2.014500088989734650e-02
1.109000000000000000e+04 1.902100071310997009e-02
1.110000000000000000e+04 1.789899915456771851e-02
1.111000000000000000e+04 1.678100042045116425e-02
1.112000000000000000e+04 1.566600054502487183e-02
1.113000000000000000e+04 1.455499976873397827e-02
1.114000000000000000e+04 1.344799995422363281e-02
1.115000000000000000e+04 1.234600041061639786e-02
1.116000000000000000e+04 1.124799996614456177e-02
1.117000000000000000e+04 1.015700027346611023e-02
1.118000000000000000e+04 9.071500040590763092e-03
1.119000000000000000e+04 7.992399856448173523e-03
1.120000000000000000e+04 6.920199841260910034e-03
1.121000000000000000e+04 5.855000112205743790e-03
1.122000000000000000e+04 4.797399975359439850e-03
1.123000000000000000e+04 3.747599897906184196e-03
1.124000000000000000e+04 2.705899998545646667e-03
1.125000000000000000e+04 1.672500045970082283e-03
1.126000000000000000e+04 6.476300186477601528e-04
1.127000000000000000e+04 0.000000000000000000e+00
